aPoint = [-0.055224525354, 0.029746547415, 0.6760258555];
bPoint = [-0.055224525219, 0.029746547702, 0.6760258558];

distance = sqrt( (aPoint(1)-bPoint(1))^2 + (aPoint(2)-bPoint(2))^2 + (aPoint(3)-bPoint(3))^2)