aPoint = [-0.9224031223, 0.1255910049, 1.5228450177];
bPoint = [-0.9185103077, 0.1274720022, 1.5767905775];

distance = [aPoint(1)-bPoint(1), aPoint(2)-bPoint(2), aPoint(3)-bPoint(3)]